"","fips","county","own_code","industry","naics","year","qtr","annual_avg_estabs","annual_avg_emplvl","total_annual_wages","taxable_annual_wages","annual_contributions","annual_avg_wkly_wage","avg_annual_pay","lq_annual_avg_estabs","lq_annual_avg_emplvl","lq_total_annual_wages","lq_taxable_annual_wages","lq_annual_contributions","lq_annual_avg_wkly_wage","lq_avg_annual_pay","oty_annual_avg_estabs_chg","oty_annual_avg_estabs_pct_chg","oty_annual_avg_emplvl_chg","oty_annual_avg_emplvl_pct_chg","oty_total_annual_wages_chg","oty_total_annual_wages_pct_chg","oty_taxable_annual_wages_chg","oty_taxable_annual_wages_pct_chg","oty_annual_contributions_chg","oty_annual_contributions_pct_chg","oty_annual_avg_wkly_wage_chg","oty_annual_avg_wkly_wage_pct_chg","oty_avg_annual_pay_chg","oty_avg_annual_pay_pct_chg","flag","agglvl_code"
"1",6037,"Los Angeles County",5,"Apparel Mfg.","315",2023,"A",1519,20083,1175982106,186441384,6048886,1126,58555,5.05,7.79,7.35,8.71,7.39,0.94,0.94,-134,-8.1,-1970,-8.9,-66757642,-5.4,-21052893,-10.1,-745072,-11,42,3.9,2203,3.9,FALSE,NA
"2",6037,"Los Angeles County",5,"Warehouse & Storage","493110",2023,"A",562,16702,1039628183,155609771,4956405,1197,62247,0.73,0.33,0.36,0.33,0.35,1.1,1.1,52,10.2,-402,-2.4,10029162,1,-11639282,-7,-441311,-8.2,39,3.4,2052,3.4,FALSE,NA
"3",6037,"Los Angeles County",5,"Fast Food","722513",2023,"A",8945,150158,4157504180,1343749547,30071603,532,27688,0.74,1.12,1.23,1.4,1.39,1.1,1.1,208,2.4,5198,3.6,203555912,5.1,5637873,0.4,181198,0.6,7,1.3,412,1.5,FALSE,NA
"4",6037,"Los Angeles County",5,"Car Wash","811192",2023,"A",591,6488,206408702,60282294,1398678,612,31815,0.67,1.22,1.11,1.42,1.25,0.92,0.92,1,0.2,-242,-3.6,-799427,-0.4,-2999026,-4.7,-98347,-6.6,20,3.4,1027,3.3,FALSE,NA
"5",6059,"Orange County",5,"Apparel Mfg.","315",2023,"A",194,3446,252262071,30400384,1213749,1408,73199,2.48,3.63,4.43,3.63,3.84,1.22,1.22,-14,-6.7,-398,-10.4,-17388328,-6.4,-4199977,-12.1,-296883,-19.7,59,4.4,3049,4.3,FALSE,75
"6",6059,"Orange County",5,"Warehouse & Storage","493110",2023,"A",118,6485,472134948,66207033,1604594,1400,72799,0.59,0.35,0.46,0.36,0.3,1.33,1.33,20,20.4,1120,20.9,85293496,22,7623517,13,312771,24.2,13,0.9,698,1,FALSE,78
"7",6059,"Orange County",5,"Fast Food","722513",2023,"A",3222,56460,1537423101,501326503,10924899,524,27231,1.02,1.14,1.28,1.33,1.31,1.12,1.12,66,2.1,1592,2.9,93293955,6.5,6508363,1.3,101521,0.9,18,3.6,911,3.5,FALSE,78
"8",6059,"Orange County",5,"Car Wash","811192",2023,"A",235,3366,120424069,29754104,668566,688,35773,1.03,1.71,1.83,1.79,1.55,1.07,1.07,10,4.4,427,14.5,19247428,19,3633913,13.9,99970,17.6,26,3.9,1349,3.9,FALSE,78
"9",6071,"San Bernardino County",5,"Apparel Mfg.","315",2023,"A",24,138,6560506,1382005,37210,915,47597,0.61,0.29,0.3,0.36,0.26,1.04,1.04,-4,-14.3,6,4.5,1844971,39.1,127061,10.1,6091,19.6,228,33.2,11873,33.2,FALSE,75
"10",6071,"San Bernardino County",5,"Warehouse & Storage","493110",2023,"A",381,68859,3690834868,582627908,17900108,1031,53600,3.77,7.28,9.31,7.02,7.23,1.28,1.28,24,6.7,-6126,-8.2,-17797035,-0.5,-73427574,-11.2,-1163116,-6.1,80,8.4,4142,8.4,FALSE,78
"11",6071,"San Bernardino County",5,"Fast Food","722513",2023,"A",1828,36021,907302063,314620241,7107865,484,25188,1.15,1.43,1.94,1.84,1.87,1.35,1.36,57,3.2,1366,3.9,72673083,8.7,-152943,0,12747,0.2,21,4.5,1104,4.6,FALSE,78
"12",6071,"San Bernardino County",5,"Car Wash","811192",2023,"A",150,1573,44492327,13679736,378023,544,28290,1.3,1.57,1.73,1.81,1.92,1.1,1.1,14,10.3,27,1.7,1580522,3.7,-247663,-1.8,31891,9.2,10,1.9,539,1.9,FALSE,78
